Steppingstone sampler:
        No Stones:                  500
        Start It:                   1100001
        It Per Stone:               10000
        Sample Freq:                1
        Dist:                       Beta(0.400000,1.000000)
Stone No	Power	N	Stone MLh	Running MLh
0	0.995007	7500	-0.350500	-0.350500
1	0.990030	7500	-0.357540	-0.708040
2	0.985067	7500	-0.358855	-1.066894
3	0.980120	7500	-0.360560	-1.427454
4	0.975187	7500	-0.365901	-1.793356
5	0.970269	7500	-0.359478	-2.152833
6	0.965367	7500	-0.361051	-2.513884
7	0.960479	7500	-0.363391	-2.877275
8	0.955606	7500	-0.359949	-3.237224
9	0.950747	7500	-0.361989	-3.599213
10	0.945904	7500	-0.356334	-3.955547
11	0.941076	7500	-0.355805	-4.311352
12	0.936262	7500	-0.355463	-4.666815
13	0.931463	7500	-0.356026	-5.022841
14	0.926679	7500	-0.356302	-5.379143
15	0.921910	7500	-0.345910	-5.725053
16	0.917155	7500	-0.344765	-6.069818
17	0.912415	7500	-0.349603	-6.419421
18	0.907690	7500	-0.348478	-6.767899
19	0.902980	7500	-0.354223	-7.122122
20	0.898284	7500	-0.331659	-7.453781
21	0.893603	7500	-0.335471	-7.789252
22	0.888937	7500	-0.346244	-8.135496
23	0.884285	7500	-0.334556	-8.470052
24	0.879648	7500	-0.321049	-8.791101
25	0.875026	7500	-0.339833	-9.130935
26	0.870418	7500	-0.340820	-9.471755
27	0.865825	7500	-0.342244	-9.813999
28	0.861246	7500	-0.342876	-10.156875
29	0.856682	7500	-0.339416	-10.496291
30	0.852132	7500	-0.342130	-10.838421
31	0.847597	7500	-0.340003	-11.178424
32	0.843077	7500	-0.332969	-11.511393
33	0.838571	7500	-0.321439	-11.832833
34	0.834079	7500	-0.336473	-12.169306
35	0.829602	7500	-0.327795	-12.497101
36	0.825140	7500	-0.309653	-12.806754
37	0.820691	7500	-0.319916	-13.126670
38	0.816258	7500	-0.331262	-13.457932
39	0.811838	7500	-0.331285	-13.789217
40	0.807433	7500	-0.324792	-14.114009
41	0.803043	7500	-0.326515	-14.440523
42	0.798667	7500	-0.326499	-14.767022
43	0.794305	7500	-0.325046	-15.092068
44	0.789957	7500	-0.321477	-15.413545
45	0.785624	7500	-0.326658	-15.740203
46	0.781305	7500	-0.323128	-16.063330
47	0.777000	7500	-0.322378	-16.385709
48	0.772710	7500	-0.322106	-16.707815
49	0.768433	7500	-0.323092	-17.030907
50	0.764172	7500	-0.321802	-17.352709
51	0.759924	7500	-0.318188	-17.670897
52	0.755690	7500	-0.318004	-17.988900
53	0.751471	7500	-0.319319	-18.308220
54	0.747266	7500	-0.317220	-18.625439
55	0.743075	7500	-0.317865	-18.943304
56	0.738898	7500	-0.313979	-19.257284
57	0.734735	7500	-0.314422	-19.571706
58	0.730586	7500	-0.311567	-19.883273
59	0.726452	7500	-0.309279	-20.192551
60	0.722331	7500	-0.309052	-20.501603
61	0.718225	7500	-0.304820	-20.806423
62	0.714132	7500	-0.304349	-21.110772
63	0.710054	7500	-0.312853	-21.423625
64	0.705989	7500	-0.311753	-21.735379
65	0.701939	7500	-0.295741	-22.031120
66	0.697902	7500	-0.303344	-22.334463
67	0.693880	7500	-0.303199	-22.637662
68	0.689871	7500	-0.302102	-22.939764
69	0.685877	7500	-0.305379	-23.245143
70	0.681896	7500	-0.297416	-23.542559
71	0.677929	7500	-0.299865	-23.842424
72	0.673976	7500	-0.298542	-24.140966
73	0.670037	7500	-0.304528	-24.445494
74	0.666112	7500	-0.298429	-24.743923
75	0.662201	7500	-0.298447	-25.042370
76	0.658303	7500	-0.293761	-25.336131
77	0.654419	7500	-0.291596	-25.627726
78	0.650549	7500	-0.293474	-25.921201
79	0.646693	7500	-0.294486	-26.215686
80	0.642851	7500	-0.291890	-26.507576
81	0.639022	7500	-0.291197	-26.798773
82	0.635207	7500	-0.290453	-27.089226
83	0.631405	7500	-0.287955	-27.377180
84	0.627618	7500	-0.291135	-27.668315
85	0.623844	7500	-0.290876	-27.959191
86	0.620083	7500	-0.279693	-28.238885
87	0.616337	7500	-0.287649	-28.526533
88	0.612604	7500	-0.283629	-28.810163
89	0.608884	7500	-0.280252	-29.090415
90	0.605178	7500	-0.284420	-29.374835
91	0.601486	7500	-0.280904	-29.655739
92	0.597807	7500	-0.281514	-29.937254
93	0.594142	7500	-0.281478	-30.218731
94	0.590490	7500	-0.281494	-30.500225
95	0.586852	7500	-0.277175	-30.777400
96	0.583227	7500	-0.279145	-31.056545
97	0.579616	7500	-0.277626	-31.334172
98	0.576018	7500	-0.277100	-31.611272
99	0.572433	7500	-0.273675	-31.884947
100	0.568862	7500	-0.270800	-32.155747
101	0.565305	7500	-0.275124	-32.430871
102	0.561761	7500	-0.270459	-32.701331
103	0.558230	7500	-0.268666	-32.969997
104	0.554712	7500	-0.269500	-33.239497
105	0.551208	7500	-0.268517	-33.508013
106	0.547717	7500	-0.269699	-33.777712
107	0.544240	7500	-0.266550	-34.044262
108	0.540775	7500	-0.267632	-34.311894
109	0.537324	7500	-0.266475	-34.578369
110	0.533887	7500	-0.265849	-34.844219
111	0.530462	7500	-0.263553	-35.107772
112	0.527051	7500	-0.262363	-35.370135
113	0.523653	7500	-0.264041	-35.634176
114	0.520268	7500	-0.255718	-35.889894
115	0.516896	7500	-0.260525	-36.150419
116	0.513537	7500	-0.256019	-36.406439
117	0.510192	7500	-0.260389	-36.666828
118	0.506859	7500	-0.259332	-36.926160
119	0.503540	7500	-0.260195	-37.186355
120	0.500234	7500	-0.255774	-37.442129
121	0.496941	7500	-0.255488	-37.697617
122	0.493660	7500	-0.255119	-37.952735
123	0.490393	7500	-0.253309	-38.206044
124	0.487139	7500	-0.251129	-38.457173
125	0.483898	7500	-0.250350	-38.707523
126	0.480670	7500	-0.253486	-38.961010
127	0.477455	7500	-0.251095	-39.212104
128	0.474253	7500	-0.247518	-39.459623
129	0.471063	7500	-0.247900	-39.707523
130	0.467887	7500	-0.248052	-39.955575
131	0.464723	7500	-0.245360	-40.200935
132	0.461573	7500	-0.245126	-40.446062
133	0.458435	7500	-0.241919	-40.687980
134	0.455310	7500	-0.244478	-40.932459
135	0.452198	7500	-0.240146	-41.172605
136	0.449098	7500	-0.241686	-41.414291
137	0.446012	7500	-0.243064	-41.657355
138	0.442938	7500	-0.240852	-41.898207
139	0.439877	7500	-0.238586	-42.136793
140	0.436829	7500	-0.238799	-42.375592
141	0.433793	7500	-0.240683	-42.616275
142	0.430770	7500	-0.234953	-42.851228
143	0.427760	7500	-0.233937	-43.085165
144	0.424762	7500	-0.234157	-43.319321
145	0.421777	7500	-0.234187	-43.553508
146	0.418805	7500	-0.235131	-43.788640
147	0.415845	7500	-0.231725	-44.020365
148	0.412898	7500	-0.228985	-44.249350
149	0.409963	7500	-0.229144	-44.478494
150	0.407041	7500	-0.230580	-44.709073
151	0.404132	7500	-0.228919	-44.937993
152	0.401235	7500	-0.227201	-45.165194
153	0.398350	7500	-0.227841	-45.393034
154	0.395478	7500	-0.223984	-45.617018
155	0.392619	7500	-0.226639	-45.843658
156	0.389772	7500	-0.222762	-46.066419
157	0.386937	7500	-0.221755	-46.288174
158	0.384115	7500	-0.223277	-46.511452
159	0.381305	7500	-0.224245	-46.735696
160	0.378507	7500	-0.221709	-46.957406
161	0.375722	7500	-0.220112	-47.177518
162	0.372949	7500	-0.218339	-47.395857
163	0.370189	7500	-0.214995	-47.610852
164	0.367440	7500	-0.215879	-47.826730
165	0.364705	7500	-0.217857	-48.044587
166	0.361981	7500	-0.216373	-48.260960
167	0.359269	7500	-0.216308	-48.477268
168	0.356570	7500	-0.212784	-48.690052
169	0.353883	7500	-0.210814	-48.900866
170	0.351208	7500	-0.210314	-49.111179
171	0.348546	7500	-0.210268	-49.321447
172	0.345895	7500	-0.210518	-49.531965
173	0.343257	7500	-0.209889	-49.741854
174	0.340630	7500	-0.210474	-49.952328
175	0.338016	7500	-0.204865	-50.157193
176	0.335414	7500	-0.209359	-50.366552
177	0.332824	7500	-0.203600	-50.570152
178	0.330246	7500	-0.205369	-50.775521
179	0.327680	7500	-0.204180	-50.979700
180	0.325126	7500	-0.203334	-51.183034
181	0.322584	7500	-0.202051	-51.385085
182	0.320054	7500	-0.202485	-51.587570
183	0.317536	7500	-0.204352	-51.791921
184	0.315030	7500	-0.199848	-51.991769
185	0.312535	7500	-0.198364	-52.190133
186	0.310053	7500	-0.198944	-52.389077
187	0.307582	7500	-0.199203	-52.588280
188	0.305124	7500	-0.195246	-52.783526
189	0.302677	7500	-0.197767	-52.981293
190	0.300242	7500	-0.194934	-53.176227
191	0.297819	7500	-0.194358	-53.370584
192	0.295407	7500	-0.193865	-53.564449
193	0.293007	7500	-0.193210	-53.757659
194	0.290619	7500	-0.189841	-53.947499
195	0.288243	7500	-0.190570	-54.138069
196	0.285879	7500	-0.190652	-54.328721
197	0.283526	7500	-0.189895	-54.518617
198	0.281184	7500	-0.189596	-54.708213
199	0.278855	7500	-0.187160	-54.895373
200	0.276537	7500	-0.186333	-55.081706
201	0.274230	7500	-0.186355	-55.268061
202	0.271936	7500	-0.186066	-55.454127
203	0.269652	7500	-0.185449	-55.639577
204	0.267381	7500	-0.185275	-55.824852
205	0.265121	7500	-0.186733	-56.011585
206	0.262872	7500	-0.185633	-56.197218
207	0.260635	7500	-0.180162	-56.377380
208	0.258409	7500	-0.179589	-56.556969
209	0.256195	7500	-0.181451	-56.738420
210	0.253992	7500	-0.179227	-56.917647
211	0.251800	7500	-0.178862	-57.096509
212	0.249620	7500	-0.177400	-57.273909
213	0.247451	7500	-0.177712	-57.451622
214	0.245294	7500	-0.176224	-57.627845
215	0.243148	7500	-0.174427	-57.802273
216	0.241013	7500	-0.173496	-57.975768
217	0.238890	7500	-0.172872	-58.148641
218	0.236778	7500	-0.175366	-58.324006
219	0.234677	7500	-0.173017	-58.497023
220	0.232587	7500	-0.175260	-58.672283
221	0.230509	7500	-0.170765	-58.843048
222	0.228441	7500	-0.170595	-59.013643
223	0.226385	7500	-0.169371	-59.183014
224	0.224340	7500	-0.169143	-59.352157
225	0.222306	7500	-0.167653	-59.519810
226	0.220283	7500	-0.166927	-59.686738
227	0.218272	7500	-0.167918	-59.854656
228	0.216271	7500	-0.166265	-60.020920
229	0.214281	7500	-0.165903	-60.186824
230	0.212303	7500	-0.165175	-60.351999
231	0.210335	7500	-0.163135	-60.515134
232	0.208379	7500	-0.161480	-60.676614
233	0.206433	7500	-0.161379	-60.837993
234	0.204498	7500	-0.160568	-60.998562
235	0.202575	7500	-0.161165	-61.159726
236	0.200662	7500	-0.159425	-61.319152
237	0.198760	7500	-0.155018	-61.474170
238	0.196869	7500	-0.158683	-61.632853
239	0.194988	7500	-0.158888	-61.791741
240	0.193119	7500	-0.156148	-61.947890
241	0.191260	7500	-0.156122	-62.104011
242	0.189412	7500	-0.153867	-62.257879
243	0.187575	7500	-0.153575	-62.411454
244	0.185749	7500	-0.153516	-62.564970
245	0.183933	7500	-0.154407	-62.719376
246	0.182128	7500	-0.149723	-62.869099
247	0.180333	7500	-0.149569	-63.018668
248	0.178550	7500	-0.153037	-63.171705
249	0.176777	7500	-0.146949	-63.318653
250	0.175014	7500	-0.153532	-63.472186
251	0.173262	7500	-0.146952	-63.619138
252	0.171521	7500	-0.147559	-63.766697
253	0.169790	7500	-0.146338	-63.913035
254	0.168070	7500	-0.145681	-64.058716
255	0.166360	7500	-0.146092	-64.204808
256	0.164661	7500	-0.144710	-64.349518
257	0.162972	7500	-0.143707	-64.493226
258	0.161294	7500	-0.143338	-64.636564
259	0.159626	7500	-0.142259	-64.778823
260	0.157968	7500	-0.140972	-64.919795
261	0.156321	7500	-0.139497	-65.059292
262	0.154684	7500	-0.141717	-65.201008
263	0.153058	7500	-0.139315	-65.340324
264	0.151441	7500	-0.137939	-65.478263
265	0.149835	7500	-0.137171	-65.615434
266	0.148240	7500	-0.137482	-65.752916
267	0.146654	7500	-0.134586	-65.887502
268	0.145079	7500	-0.134927	-66.022429
269	0.143514	7500	-0.134230	-66.156659
270	0.141959	7500	-0.135218	-66.291877
271	0.140415	7500	-0.133073	-66.424950
272	0.138880	7500	-0.132742	-66.557692
273	0.137356	7500	-0.131123	-66.688815
274	0.135841	7500	-0.130041	-66.818856
275	0.134337	7500	-0.128602	-66.947458
276	0.132843	7500	-0.128809	-67.076266
277	0.131358	7500	-0.128407	-67.204673
278	0.129884	7500	-0.127710	-67.332383
279	0.128420	7500	-0.127644	-67.460027
280	0.126965	7500	-0.126513	-67.586540
281	0.125521	7500	-0.123409	-67.709949
282	0.124086	7500	-0.126575	-67.836525
283	0.122662	7500	-0.124641	-67.961165
284	0.121247	7500	-0.123710	-68.084876
285	0.119842	7500	-0.123013	-68.207889
286	0.118447	7500	-0.120032	-68.327921
287	0.117062	7500	-0.122885	-68.450805
288	0.115686	7500	-0.121445	-68.572250
289	0.114320	7500	-0.119171	-68.691421
290	0.112964	7500	-0.118111	-68.809532
291	0.111618	7500	-0.119946	-68.929478
292	0.110281	7500	-0.117318	-69.046796
293	0.108954	7500	-0.116037	-69.162833
294	0.107637	7500	-0.117297	-69.280131
295	0.106329	7500	-0.116633	-69.396763
296	0.105030	7500	-0.111864	-69.508627
297	0.103742	7500	-0.114934	-69.623561
298	0.102463	7500	-0.114520	-69.738082
299	0.101193	7500	-0.112641	-69.850723
300	0.099933	7500	-0.111977	-69.962700
301	0.098682	7500	-0.111950	-70.074650
302	0.097441	7500	-0.108975	-70.183625
303	0.096209	7500	-0.108644	-70.292269
304	0.094986	7500	-0.110769	-70.403038
305	0.093773	7500	-0.109037	-70.512075
306	0.092570	7500	-0.106716	-70.618791
307	0.091375	7500	-0.106876	-70.725666
308	0.090190	7500	-0.108793	-70.834460
309	0.089014	7500	-0.106575	-70.941034
310	0.087848	7500	-0.104337	-71.045371
311	0.086690	7500	-0.102239	-71.147610
312	0.085542	7500	-0.105304	-71.252914
313	0.084403	7500	-0.103462	-71.356376
314	0.083273	7500	-0.104668	-71.461045
315	0.082152	7500	-0.102593	-71.563638
316	0.081041	7500	-0.100578	-71.664215
317	0.079938	7500	-0.098316	-71.762531
318	0.078845	7500	-0.098715	-71.861245
319	0.077760	7500	-0.097551	-71.958796
320	0.076684	7500	-0.098555	-72.057351
321	0.075618	7500	-0.100114	-72.157465
322	0.074560	7500	-0.098228	-72.255693
323	0.073512	7500	-0.096688	-72.352380
324	0.072472	7500	-0.095295	-72.447675
325	0.071441	7500	-0.095040	-72.542715
326	0.070419	7500	-0.095292	-72.638007
327	0.069406	7500	-0.094554	-72.732561
328	0.068401	7500	-0.093683	-72.826244
329	0.067406	7500	-0.092999	-72.919243
330	0.066419	7500	-0.092401	-73.011644
331	0.065441	7500	-0.092798	-73.104442
332	0.064471	7500	-0.090287	-73.194729
333	0.063510	7500	-0.089654	-73.284383
334	0.062558	7500	-0.087345	-73.371728
335	0.061615	7500	-0.088244	-73.459972
336	0.060680	7500	-0.089179	-73.549152
337	0.059753	7500	-0.087392	-73.636543
338	0.058836	7500	-0.087584	-73.724127
339	0.057926	7500	-0.085703	-73.809830
340	0.057025	7500	-0.084449	-73.894279
341	0.056133	7500	-0.084588	-73.978868
342	0.055249	7500	-0.084246	-74.063113
343	0.054373	7500	-0.082305	-74.145418
344	0.053506	7500	-0.085074	-74.230492
345	0.052647	7500	-0.081913	-74.312405
346	0.051797	7500	-0.084003	-74.396408
347	0.050955	7500	-0.079844	-74.476252
348	0.050121	7500	-0.081437	-74.557688
349	0.049295	7500	-0.078354	-74.636043
350	0.048478	7500	-0.078775	-74.714818
351	0.047668	7500	-0.079424	-74.794242
352	0.046867	7500	-0.077337	-74.871579
353	0.046074	7500	-0.076301	-74.947879
354	0.045289	7500	-0.077157	-75.025036
355	0.044512	7500	-0.078134	-75.103170
356	0.043744	7500	-0.076198	-75.179369
357	0.042983	7500	-0.074995	-75.254364
358	0.042230	7500	-0.073339	-75.327703
359	0.041485	7500	-0.074316	-75.402019
360	0.040749	7500	-0.072185	-75.474204
361	0.040020	7500	-0.074151	-75.548355
362	0.039299	7500	-0.073297	-75.621652
363	0.038585	7500	-0.071653	-75.693305
364	0.037880	7500	-0.072926	-75.766231
365	0.037182	7500	-0.069472	-75.835704
366	0.036493	7500	-0.071811	-75.907514
367	0.035810	7500	-0.068729	-75.976243
368	0.035136	7500	-0.068963	-76.045206
369	0.034469	7500	-0.070384	-76.115591
370	0.033810	7500	-0.068499	-76.184090
371	0.033159	7500	-0.064925	-76.249014
372	0.032515	7500	-0.066541	-76.315556
373	0.031879	7500	-0.067457	-76.383013
374	0.031250	7500	-0.064665	-76.447678
375	0.030629	7500	-0.066092	-76.513770
376	0.030015	7500	-0.065711	-76.579481
377	0.029409	7500	-0.063470	-76.642951
378	0.028810	7500	-0.064753	-76.707704
379	0.028218	7500	-0.065281	-76.772985
380	0.027634	7500	-0.060947	-76.833932
381	0.027057	7500	-0.062537	-76.896469
382	0.026487	7500	-0.064371	-76.960840
383	0.025925	7500	-0.062075	-77.022915
384	0.025370	7500	-0.060097	-77.083012
385	0.024822	7500	-0.058691	-77.141703
386	0.024281	7500	-0.057780	-77.199484
387	0.023748	7500	-0.056125	-77.255609
388	0.023221	7500	-0.060183	-77.315792
389	0.022702	7500	-0.057822	-77.373613
390	0.022189	7500	-0.055133	-77.428747
391	0.021684	7500	-0.055318	-77.484064
392	0.021185	7500	-0.055959	-77.540024
393	0.020694	7500	-0.056377	-77.596401
394	0.020209	7500	-0.057200	-77.653601
395	0.019731	7500	-0.052689	-77.706290
396	0.019261	7500	-0.056251	-77.762541
397	0.018796	7500	-0.058160	-77.820701
398	0.018339	7500	-0.054869	-77.875571
399	0.017889	7500	-0.055048	-77.930618
400	0.017445	7500	-0.052979	-77.983597
401	0.017007	7500	-0.050598	-78.034195
402	0.016577	7500	-0.053343	-78.087538
403	0.016153	7500	-0.049013	-78.136551
404	0.015736	7500	-0.052803	-78.189354
405	0.015325	7500	-0.052731	-78.242084
406	0.014920	7500	-0.049326	-78.291411
407	0.014523	7500	-0.046961	-78.338372
408	0.014131	7500	-0.045813	-78.384185
409	0.013746	7500	-0.046447	-78.430632
410	0.013367	7500	-0.047458	-78.478089
411	0.012995	7500	-0.048615	-78.526704
412	0.012629	7500	-0.049307	-78.576011
413	0.012269	7500	-0.047632	-78.623643
414	0.011916	7500	-0.045387	-78.669030
415	0.011568	7500	-0.047916	-78.716946
416	0.011227	7500	-0.043567	-78.760514
417	0.010892	7500	-0.043340	-78.803853
418	0.010563	7500	-0.043741	-78.847594
419	0.010240	7500	-0.045166	-78.892760
420	0.009923	7500	-0.047277	-78.940038
421	0.009612	7500	-0.042547	-78.982585
422	0.009307	7500	-0.040870	-79.023455
423	0.009008	7500	-0.040023	-79.063478
424	0.008714	7500	-0.041964	-79.105442
425	0.008427	7500	-0.041716	-79.147157
426	0.008145	7500	-0.041573	-79.188731
427	0.007869	7500	-0.039484	-79.228215
428	0.007598	7500	-0.040153	-79.268368
429	0.007334	7500	-0.043618	-79.311986
430	0.007075	7500	-0.039848	-79.351834
431	0.006821	7500	-0.038345	-79.390178
432	0.006573	7500	-0.042554	-79.432732
433	0.006330	7500	-0.039964	-79.472697
434	0.006093	7500	-0.042834	-79.515531
435	0.005862	7500	-0.035880	-79.551411
436	0.005635	7500	-0.040013	-79.591424
437	0.005414	7500	-0.039371	-79.630795
438	0.005199	7500	-0.041426	-79.672220
439	0.004988	7500	-0.038787	-79.711007
440	0.004783	7500	-0.040225	-79.751232
441	0.004583	7500	-0.038126	-79.789358
442	0.004388	7500	-0.038948	-79.828306
443	0.004198	7500	-0.036418	-79.864724
444	0.004013	7500	-0.039682	-79.904406
445	0.003833	7500	-0.038982	-79.943388
446	0.003658	7500	-0.036909	-79.980298
447	0.003488	7500	-0.040272	-80.020569
448	0.003323	7500	-0.038535	-80.059104
449	0.003162	7500	-0.034531	-80.093636
450	0.003007	7500	-0.035551	-80.129187
451	0.002855	7500	-0.035497	-80.164684
452	0.002709	7500	-0.032844	-80.197527
453	0.002567	7500	-0.033808	-80.231336
454	0.002430	7500	-0.033888	-80.265224
455	0.002297	7500	-0.036034	-80.301258
456	0.002169	7500	-0.031790	-80.333048
457	0.002045	7500	-0.032136	-80.365184
458	0.001925	7500	-0.031711	-80.396895
459	0.001810	7500	-0.034602	-80.431497
460	0.001699	7500	-0.033557	-80.465054
461	0.001592	7500	-0.033300	-80.498354
462	0.001490	7500	-0.031671	-80.530025
463	0.001391	7500	-0.031942	-80.561967
464	0.001296	7500	-0.030179	-80.592146
465	0.001206	7500	-0.029845	-80.621991
466	0.001119	7500	-0.025890	-80.647881
467	0.001036	7500	-0.028719	-80.676600
468	0.000957	7500	-0.029259	-80.705859
469	0.000882	7500	-0.025090	-80.730949
470	0.000810	7500	-0.027327	-80.758276
471	0.000742	7500	-0.028687	-80.786963
472	0.000678	7500	-0.027113	-80.814076
473	0.000617	7500	-0.024784	-80.838860
474	0.000559	7500	-0.025011	-80.863871
475	0.000505	7500	-0.025938	-80.889809
476	0.000454	7500	-0.022164	-80.911973
477	0.000406	7500	-0.022828	-80.934801
478	0.000362	7500	-0.022311	-80.957112
479	0.000320	7500	-0.018816	-80.975928
480	0.000281	7500	-0.018121	-80.994049
481	0.000246	7500	-0.018233	-81.012282
482	0.000213	7500	-0.020811	-81.033093
483	0.000183	7500	-0.020244	-81.053337
484	0.000156	7500	-0.016360	-81.069697
485	0.000131	7500	-0.017456	-81.087154
486	0.000109	7500	-0.013912	-81.101066
487	0.000089	7500	-0.013000	-81.114065
488	0.000072	7500	-0.011034	-81.125099
489	0.000057	7500	-0.010805	-81.135904
490	0.000043	7500	-0.010659	-81.146563
491	0.000032	7500	-0.008499	-81.155062
492	0.000023	7500	-0.007532	-81.162594
493	0.000016	7500	-0.007044	-81.169638
494	0.000010	7500	-0.006443	-81.176081
495	0.000006	7500	-0.003971	-81.180052
496	0.000003	7500	-0.002866	-81.182918
497	0.000001	7500	-0.003459	-81.186377
498	0.000000	7500	-0.000569	-81.186946
499	0.000000	7500	-0.000139	-81.187085
Log marginal likelihood:	-81.187085
